function caseObject = distCase_test13nodes

%%  Comments:
%   Distribution test feeder, 12 nodes, unbalanced conditions for testing
%   Please see distributionCaseFormat.m for details on the case file format

%%  Single phase base power
caseObject.baseMVA = 0.1666666667;

%%  Bus data:
%{
bID	type	VmA	VmB	VmC	VaA	VaB	VaC	baseKV
%}
caseObject.bus = [
600	3	1.0625000000	1.0500000000	1.0687000000	0.0000000000	-120.0000000000	120.0000000000	2.4017771198;
632	1	1.0000000000	1.0000000000	1.0000000000	0.0000000000	-120.0000000000	120.0000000000	2.4017771198;
633	1	1.0000000000	1.0000000000	1.0000000000	0.0000000000	-120.0000000000	120.0000000000	2.4017771198;
634	1	1.0000000000	1.0000000000	1.0000000000	0.0000000000	-120.0000000000	120.0000000000	0.2771281292;
645	1	1.0000000000	1.0000000000	1.0000000000	0.0000000000	-120.0000000000	120.0000000000	2.4017771198;
646	1	1.0000000000	1.0000000000	1.0000000000	0.0000000000	-120.0000000000	120.0000000000	2.4017771198;
671	1	1.0000000000	1.0000000000	1.0000000000	0.0000000000	-120.0000000000	120.0000000000	2.4017771198;
680	1	1.0000000000	1.0000000000	1.0000000000	0.0000000000	-120.0000000000	120.0000000000	2.4017771198;
684	1	1.0000000000	1.0000000000	1.0000000000	0.0000000000	-120.0000000000	120.0000000000	2.4017771198;
611	1	1.0000000000	1.0000000000	1.0000000000	0.0000000000	-120.0000000000	120.0000000000	2.4017771198;
652	1	1.0000000000	1.0000000000	1.0000000000	0.0000000000	-120.0000000000	120.0000000000	2.4017771198;
692	1	1.0000000000	1.0000000000	1.0000000000	0.0000000000	-120.0000000000	120.0000000000	2.4017771198;
675	1	1.0000000000	1.0000000000	1.0000000000	0.0000000000	-120.0000000000	120.0000000000	2.4017771198;
1	1	1.0000000000	1.0000000000	1.0000000000	0.0000000000	-120.0000000000	120.0000000000	2.4017771198;
2	1	1.0000000000	1.0000000000	1.0000000000	0.0000000000	-120.0000000000	120.0000000000	2.4017771198;
3	1	1.0000000000	1.0000000000	1.0000000000	0.0000000000	-120.0000000000	120.0000000000	2.4017771198;
4	1	1.0000000000	1.0000000000	1.0000000000	0.0000000000	-120.0000000000	120.0000000000	2.4017771198;
5	1	1.0000000000	1.0000000000	1.0000000000	0.0000000000	-120.0000000000	120.0000000000	2.4017771198;
6	1	1.0000000000	1.0000000000	1.0000000000	0.0000000000	-120.0000000000	120.0000000000	2.4017771198;
7	1	1.0000000000	1.0000000000	1.0000000000	0.0000000000	-120.0000000000	120.0000000000	2.4017771198;
8	1	1.0000000000	1.0000000000	1.0000000000	0.0000000000	-120.0000000000	120.0000000000	2.4017771198;
9	1	1.0000000000	1.0000000000	1.0000000000	0.0000000000	-120.0000000000	120.0000000000	2.4017771198;
10	1	1.0000000000	1.0000000000	1.0000000000	0.0000000000	-120.0000000000	120.0000000000	2.4017771198;
];

%%  Generator data:
%{
bID	PgA	PgB	PgC	QgA	QgB	QgC	Status
%}
caseObject.gen = [
600	0.0000000000	0.0000000000	0.0000000000	0.0000000000	0.0000000000	0.0000000000	1;
];

%%  Wye-load:
%{
bID	YPd0A	YPd0B	YPd0C	YQd0A	YQd0B	YQd0C	YPd1A	YPd1B	YPd1C	YQd1A	YQd1B	YQd1C	YPd2A	YPd2B	YPd2C	YQd2A	YQd2B	YQd2C	Status
%}
caseObject.yload = [
634	0.1600000000	0.1200000000	0.1200000000	0.1100000000	0.0900000000	0.0900000000	0.0000000000	0.0000000000	0.0000000000	0.0000000000	0.0000000000	0.0000000000	0.0000000000	0.0000000000	0.0000000000	0.0000000000	0.0000000000	0.0000000000	1;
645	0.0000000000	0.1700000000	0.0000000000	0.0000000000	0.1250000000	0.0000000000	0.0000000000	0.0000000000	0.0000000000	0.0000000000	0.0000000000	0.0000000000	0.0000000000	0.0000000000	0.0000000000	0.0000000000	0.0000000000	0.0000000000	1;
652	0.0000000000	0.0000000000	0.0000000000	0.0000000000	0.0000000000	0.0000000000	0.0000000000	0.0000000000	0.0000000000	0.0000000000	0.0000000000	0.0000000000	0.1280000000	0.0000000000	0.0000000000	0.0860000000	0.0000000000	0.0000000000	1;
675	0.4850000000	0.0680000000	0.2900000000	0.1900000000	0.0600000000	0.2120000000	0.0000000000	0.0000000000	0.0000000000	0.0000000000	0.0000000000	0.0000000000	0.0000000000	0.0000000000	0.0000000000	-0.2000000000	-0.2000000000	-0.2000000000	1;
611	0.0000000000	0.0000000000	0.0000000000	0.0000000000	0.0000000000	0.0000000000	0.0000000000	0.0000000000	0.1700000000	0.0000000000	0.0000000000	0.0800000000	0.0000000000	0.0000000000	0.0000000000	0.0000000000	0.0000000000	-0.1000000000	1;
1	0.0017000000	0.0066000000	0.0117000000	0.0010000000	0.0038000000	0.0068000000	0.0000000000	0.0000000000	0.0000000000	0.0000000000	0.0000000000	0.0000000000	0.0000000000	0.0000000000	0.0000000000	0.0000000000	0.0000000000	0.0000000000	1;
2	0.0017000000	0.0066000000	0.0117000000	0.0010000000	0.0038000000	0.0068000000	0.0000000000	0.0000000000	0.0000000000	0.0000000000	0.0000000000	0.0000000000	0.0000000000	0.0000000000	0.0000000000	0.0000000000	0.0000000000	0.0000000000	1;
3	0.0017000000	0.0066000000	0.0117000000	0.0010000000	0.0038000000	0.0068000000	0.0000000000	0.0000000000	0.0000000000	0.0000000000	0.0000000000	0.0000000000	0.0000000000	0.0000000000	0.0000000000	0.0000000000	0.0000000000	0.0000000000	1;
4	0.0017000000	0.0066000000	0.0117000000	0.0010000000	0.0038000000	0.0068000000	0.0000000000	0.0000000000	0.0000000000	0.0000000000	0.0000000000	0.0000000000	0.0000000000	0.0000000000	0.0000000000	0.0000000000	0.0000000000	0.0000000000	1;
5	0.0017000000	0.0066000000	0.0117000000	0.0010000000	0.0038000000	0.0068000000	0.0000000000	0.0000000000	0.0000000000	0.0000000000	0.0000000000	0.0000000000	0.0000000000	0.0000000000	0.0000000000	0.0000000000	0.0000000000	0.0000000000	1;
6	0.0017000000	0.0066000000	0.0117000000	0.0010000000	0.0038000000	0.0068000000	0.0000000000	0.0000000000	0.0000000000	0.0000000000	0.0000000000	0.0000000000	0.0000000000	0.0000000000	0.0000000000	0.0000000000	0.0000000000	0.0000000000	1;
7	0.0017000000	0.0066000000	0.0117000000	0.0010000000	0.0038000000	0.0068000000	0.0000000000	0.0000000000	0.0000000000	0.0000000000	0.0000000000	0.0000000000	0.0000000000	0.0000000000	0.0000000000	0.0000000000	0.0000000000	0.0000000000	1;
8	0.0017000000	0.0066000000	0.0117000000	0.0010000000	0.0038000000	0.0068000000	0.0000000000	0.0000000000	0.0000000000	0.0000000000	0.0000000000	0.0000000000	0.0000000000	0.0000000000	0.0000000000	0.0000000000	0.0000000000	0.0000000000	1;
9	0.0017000000	0.0066000000	0.0117000000	0.0010000000	0.0038000000	0.0068000000	0.0000000000	0.0000000000	0.0000000000	0.0000000000	0.0000000000	0.0000000000	0.0000000000	0.0000000000	0.0000000000	0.0000000000	0.0000000000	0.0000000000	1;
10	0.0017000000	0.0066000000	0.0117000000	0.0010000000	0.0038000000	0.0068000000	0.0000000000	0.0000000000	0.0000000000	0.0000000000	0.0000000000	0.0000000000	0.0000000000	0.0000000000	0.0000000000	0.0000000000	0.0000000000	0.0000000000	1;
];

%%  Delta-load:
%{
bID	DPd0AB	DPd0BC	DPd0CA	DQd0AB	DQd0BC	DQd0CA	DPd1AB	DPd1BC	DPd1CA	DQd1AB	DQd1BC	DQd1CA	DPd2AB	DPd2BC	DPd2CA	DQd2AB	DQd2BC	DQd2CA	Status
%}
caseObject.dload = [
646	0.0000000000	0.0000000000	0.0000000000	0.0000000000	0.0000000000	0.0000000000	0.0000000000	0.0000000000	0.0000000000	0.0000000000	0.0000000000	0.0000000000	0.0000000000	0.2300000000	0.0000000000	0.0000000000	0.1320000000	0.0000000000	1;
671	0.3850000000	0.3850000000	0.3850000000	0.2200000000	0.2200000000	0.2200000000	0.0000000000	0.0000000000	0.0000000000	0.0000000000	0.0000000000	0.0000000000	0.0000000000	0.0000000000	0.0000000000	0.0000000000	0.0000000000	0.0000000000	1;
692	0.0000000000	0.0000000000	0.0000000000	0.0000000000	0.0000000000	0.0000000000	0.0000000000	0.0000000000	0.1700000000	0.0000000000	0.0000000000	0.1510000000	0.0000000000	0.0000000000	0.0000000000	0.0000000000	0.0000000000	0.0000000000	1;
];

%%  Line branch data:
%{
fbus	tbus	R11	R12	R13	R22	R23	R33	X11	X12	X13	X22	X23	X33	B11	B12	B13	B22	B23	B33	Status
%}
